196	1	3	881250949
186	2	3	891717742
22	3	1	878887116
244	4	2	880606923
166	5	1	886397596
298	6	4	884182806
115	1	2	881171488
253	2	5	891628467
305	3	3	886324817
6	4	3	883603013
62	5	2	879372434
286	6	5	879781125
200	2	5	876042340
210	1	3	891035994
224	2	3	888104457
303	3	3	879485318
122	4	5	879270459
194	5	2	879539794
291	6	4	874834944
234	7	2	892079237
196	2	3	881250949
186	3	3	891717742
22	4	1	878887116
244	6	2	880606923
166	6	1	886397596
298	7	4	884182806
115	2	2	881171488
253	3	5	891628467
305	4	3	886324817
6	5	3	883603013
62	6	2	879372434
286	7	5	879781125
200	3	5	876042340
210	2	3	891035994
224	3	3	888104457
303	4	3	879485318
122	5	5	879270459
194	6	2	879539794
291	7	4	874834944
234	8	2	892079237
196	3	3	881250949
186	4	3	891717742
22	5	1	878887116
244	6	2	880606923
166	7	1	886397596
298	8	4	884182806
115	3	2	881171488
253	5	5	891628467
305	6	3	886324817
6	6	3	883603013
196	10	3	881250949
186	9	3	891717742
22	8	1	878887116
244	7	2	880606923
166	6	1	886397596
298	5	4	884182806
115	4	2	881171488
253	3	5	891628467
305	2	3	886324817
6	1	3	883603013
196	9	3	881250949
186	8	3	891717742
22	7	1	878887116
244	6	2	880606923
166	5	1	886397596
298	4	4	884182806
115	3	2	881171488
253	2	5	891628467
305	1	3	886324817
6	10	3	883603013
196	8	3	881250949
186	7	3	891717742
22	6	1	878887116
244	5	2	880606923
166	4	1	886397596
298	3	4	884182806
115	2	2	881171488
253	1	5	891628467
305	10	3	886324817
6	9	3	883603013